vbrnice,Vbrnicë(Albania),41.423333299999996,20.527222199999997
